Age,SystolicBP,DiastolicBP,BS,BodyTemp,HeartRate
25,130,80,15,98,86
35,140,90,13,98,70
29,90,70,8,100,80
30,140,85,7,98,70
35,120,60,6.1,98,76
23,140,80,7.01,98,70
23,130,70,7.01,98,78
35,85,60,11,102,86
32,120,90,6.9,98,70
42,130,80,18,98,70
23,90,60,7.01,98,76
19,120,80,7,98,70
25,110,89,7.01,98,77
20,120,75,7.01,100,70
48,120,80,11,98,88
15,120,80,7.01,98,70
50,140,90,15,98,90
25,140,100,7.01,98,80
30,120,80,6.9,101,76
10,70,50,6.9,98,70
40,140,100,18,98,90
50,140,80,6.7,98,70
21,90,65,7.5,98,76
18,90,60,7.5,98,70
21,120,80,7.5,98,76
16,100,70,7.2,98,80
19,120,75,7.2,98,66
22,100,65,7.2,98,70
49,120,90,7.2,98,77
28,90,60,7.2,98,82
20,100,90,7.1,98,88
23,100,85,7.1,98,66
22,120,90,7.1,98,82
21,120,80,7.1,98,77
21,75,50,6.1,98,70
12,95,60,6.1,102,60
60,120,80,6.1,98,75
55,100,65,6.1,98,66
45,120,95,6.1,98,66
35,100,70,6.1,98,66
22,120,85,6.1,98,88
23,120,90,6.1,98,60
25,90,70,6.1,98,80
30,120,80,6.1,98,70
23,120,90,6.1,98,70
32,120,90,7.5,98,70
42,120,80,7.5,98,70
23,90,60,7.5,98,76
15,76,49,7.5,98,77
15,120,80,7,98,70
25,120,80,7,98,66
22,100,65,7,98,80
35,100,70,7,98,60
19,120,85,7,98,60
60,90,65,7,98,77
23,120,90,6.7,98,70
32,120,90,6.4,98,70
42,120,80,6.4,98,70
23,90,60,6.4,98,76
15,76,49,6.4,98,77
15,120,80,7.2,98,70
15,80,60,7,98,80
12,95,60,7.2,98,77
29,90,70,6.7,98,80
31,120,60,6.1,98,76
29,130,70,6.7,98,78
17,85,60,9,102,86
19,120,80,7,98,70
20,110,60,7,100,70
32,120,65,6,101,76
26,85,60,6,101,86
29,130,70,7.7,98,78
19,120,80,7,98,70
54,130,70,12,98,67
44,120,90,16,98,80
23,130,70,6.9,98,70
22,85,60,6.9,98,76
55,120,90,12,98,70
35,120,80,6.9,98,78
21,90,60,6.9,98,86
16,90,65,6.9,98,76
33,115,65,7,98,70
12,95,60,6.9,98,65
28,120,90,6.9,98,70
21,90,65,6.9,98,76
18,90,60,6.9,98,70
21,120,80,6.9,98,76
16,100,70,6.9,98,80
19,120,75,6.9,98,66
23,100,85,6.9,98,66
22,120,90,7.8,98,82
60,120,85,15,98,60
13,90,65,7.8,101,80
23,120,90,7.8,98,60
28,115,60,7.8,101,86
50,120,80,7.8,98,70
29,130,70,7.8,98,78
19,120,80,7,98,70
19,120,85,7.8,98,60
60,90,65,6.8,98,77
55,120,90,6.8,98,66
25,120,80,6.8,98,66
48,140,90,15,98,90
25,140,100,6.8,98,80
23,140,90,6.8,98,70
34,85,60,11,102,86
50,140,90,15,98,90
25,140,100,6.8,98,80
42,140,100,18,98,90
32,140,100,7.9,98,78
50,140,95,17,98,60
38,135,60,7.9,101,86
39,90,70,9,98,80
30,140,100,15,98,70
63,140,90,15,98,90
25,140,100,7.9,98,80
30,120,80,7.9,101,76
55,140,100,18,98,90
32,140,100,7.9,98,78
30,140,100,15,98,70
48,120,80,11,98,88
49,140,90,15,98,90
25,140,100,7.5,98,80
40,160,100,19,98,77
32,140,90,18,98,88
35,140,100,7.5,98,66
54,140,100,15,98,66
55,140,95,19,98,77
29,120,70,9,98,80
48,120,80,11,98,88
40,160,100,19,98,77
32,140,90,18,98,88
35,140,100,7.5,98,66
54,140,100,15,98,66
40,120,95,11,98,80
22,90,60,7.5,102,60
40,120,85,15,98,60
55,140,95,19,98,77
50,130,100,16,98,75
18,120,80,6.9,102,76
32,140,100,6.9,98,78
17,90,60,6.9,101,76
17,90,63,6.9,101,70
25,120,90,6.7,101,80
17,120,80,6.7,102,76
14,90,65,7,101,70
15,80,60,6.7,98,80
15,100,65,6.7,98,76
12,95,60,6.7,98,77
37,120,90,11,98,88
18,100,70,6.7,98,76
21,100,85,6.7,98,70
17,110,75,12,101,76
25,120,90,7.5,98,80
23,85,65,7.5,98,70
12,95,60,7.5,98,65
28,120,90,7.5,98,70
40,120,90,12,98,80
55,129,85,7.5,98,88
25,100,90,7.5,98,76
35,120,80,7.5,98,80
21,90,65,7.5,98,76
18,90,60,7.5,98,70
21,120,80,7.5,98,76
16,100,70,7.2,98,80
19,120,75,7.2,98,66
40,160,100,19,98,77
32,140,90,18,98,88
22,100,65,7.2,98,70
49,120,90,7.2,98,77
28,90,60,7.2,98,82
12,90,60,7.9,102,66
20,100,90,7.1,98,88
23,100,85,7.1,98,66
22,120,90,7.1,98,82
21,120,80,7.1,98,77
35,140,100,8,98,66
54,140,100,15,98,66
40,120,95,11,98,80
21,75,50,6.1,98,70
12,95,60,6.1,102,60
60,120,85,15,98,60
55,140,95,19,98,77
50,130,100,16,98,75
60,120,80,6.1,98,75
55,100,65,6.1,98,66
45,120,95,6.1,98,66
35,100,70,6.1,98,66
22,120,85,6.1,98,88
13,90,65,7.9,101,80
23,120,90,6.1,98,60
17,90,65,6.1,103,67
28,83,60,8,101,86
50,120,80,15,98,70
25,90,70,6.1,98,80
30,120,80,6.1,98,70
31,120,60,6.1,98,76
23,120,90,6.1,98,70
29,130,70,6.1,98,78
17,85,60,9,102,86
32,120,90,7.5,98,70
42,120,80,7.5,98,70
23,90,60,7.5,98,76
19,120,80,7,98,70
15,76,49,7.5,98,77
33,120,75,10,98,70
48,120,80,11,98,88
15,120,80,7,98,70
25,120,80,7,98,66
22,100,65,7,98,80
50,140,95,17,98,60
35,100,70,7,98,60
19,120,85,7,98,60
60,90,65,7,98,77
28,85,60,9,101,86
50,140,80,6.7,98,70
29,90,70,6.7,98,80
30,140,100,15,98,70
31,120,60,6.1,98,76
23,120,90,6.7,98,70
29,130,70,6.7,98,78
17,85,60,9,102,86
32,120,90,6.4,98,70
42,120,80,6.4,98,70
23,90,60,6.4,98,76
19,120,80,7,98,70
15,76,49,6.4,98,77
29,120,75,7.2,100,70
48,120,80,11,98,88
15,120,80,7.2,98,70
50,140,90,15,98,77
25,140,100,7.2,98,80
55,140,80,7.2,101,76
20,110,60,7,100,70
40,140,100,18,98,77
28,120,80,9,102,76
32,140,100,8,98,70
17,90,60,11,101,78
17,90,63,8,101,70
25,120,90,12,101,80
17,120,80,7,102,76
19,90,65,11,101,70
15,80,60,7,98,80
32,120,65,6,101,76
12,95,60,7.2,98,77
37,120,90,11,98,88
18,100,70,6.8,98,76
21,100,85,6.9,98,70
17,110,75,13,101,76
25,120,90,15,98,80
10,85,65,6.9,98,70
12,95,60,6.9,98,65
28,120,90,6.9,98,70
40,120,90,6.9,98,80
55,110,85,6.9,98,88
25,100,90,6.9,98,76
35,120,80,6.9,98,80
21,90,65,6.9,98,76
18,90,60,6.9,98,70
21,120,80,6.9,98,76
16,100,70,6.9,98,80
19,120,75,6.9,98,66
40,160,100,19,98,77
32,140,90,18,98,88
22,100,65,6.9,98,70
49,120,90,6.9,98,77
28,90,60,6.9,98,82
12,90,60,8,102,66
20,100,90,7,98,88
23,100,85,7,98,66
22,120,90,7,98,82
21,120,80,7,98,77
35,140,100,9,98,66
54,140,100,15,98,66
40,120,95,11,98,80
21,75,50,7.7,98,60
12,90,60,11,102,60
60,120,85,15,98,60
55,140,95,19,98,77
50,130,100,16,98,76
60,120,80,7.7,98,75
55,100,65,7.7,98,66
45,120,95,7.7,98,66
35,100,70,7.7,98,66
22,120,85,7.7,98,88
13,90,65,9,101,80
23,120,90,7.7,98,60
17,90,65,7.7,103,67
26,85,60,6,101,86
50,120,80,7.7,98,70
19,90,70,7.7,98,80
30,120,80,7.7,98,70
31,120,60,6.1,98,76
23,120,80,7.7,98,70
29,130,70,7.7,98,78
17,85,60,6.3,102,86
32,120,90,7.7,98,70
42,120,80,7.7,98,70
23,90,60,7.7,98,76
19,120,80,7,98,70
15,75,49,7.7,98,77
40,120,75,7.7,98,70
48,120,80,11,98,88
15,120,80,7.7,98,70
25,120,80,7.7,98,66
22,100,65,6.9,98,80
12,120,95,6.9,98,60
35,100,70,6.9,98,60
19,120,85,6.9,98,60
60,90,65,6.9,98,77
55,120,90,6.9,98,76
35,90,65,6.9,98,75
51,85,60,6.9,98,66
62,120,80,6.9,98,66
25,90,70,6.9,98,66
21,120,80,6.9,98,88
22,120,60,15,98,80
55,120,90,18,98,60
54,130,70,12,98,67
35,85,60,19,98,86
43,120,90,18,98,70
12,120,80,6.9,98,80
65,90,60,6.9,98,70
60,120,80,6.9,98,76
25,120,90,6.9,98,70
22,90,65,6.9,98,78
66,85,60,6.9,98,86
56,120,80,13,98,70
35,90,70,6.9,98,70
43,120,80,15,98,76
35,120,60,6.9,98,70
44,120,90,16,98,80
23,130,70,6.9,98,70
22,85,60,6.9,98,76
55,120,90,12,98,70
35,120,80,6.9,98,78
21,90,60,6.9,98,86
45,120,80,6.9,103,70
70,85,60,6.9,102,70
65,120,90,6.9,103,76
55,120,80,6.9,102,80
45,90,60,18,101,70
22,120,80,6.9,103,76
16,90,65,6.9,98,76
12,95,60,6.9,98,77
37,120,90,11,98,88
18,100,70,6.9,98,76
21,100,85,6.9,98,70
17,110,75,6.9,101,76
25,120,90,6.9,98,80
33,115,65,7,98,70
12,95,60,6.9,98,65
28,120,90,6.9,98,70
40,120,90,6.9,98,80
55,110,85,6.9,98,88
25,100,90,6.9,98,76
35,120,80,6.9,98,80
21,90,65,6.9,98,76
18,90,60,6.9,98,70
21,120,80,6.9,98,76
16,100,70,6.9,98,80
19,120,75,6.9,98,66
40,160,100,19,98,77
32,140,90,18,98,88
23,100,85,6.9,98,66
22,120,90,7.8,98,82
21,120,80,7.8,98,77
35,140,100,7.8,98,66
54,140,100,15,98,66
40,120,95,11,98,80
21,75,50,7.8,98,60
12,90,60,7.8,102,60
60,120,85,15,98,60
55,140,95,19,98,77
50,130,100,16,98,75
60,120,80,7.8,98,75
55,100,65,7.8,98,66
45,120,95,7.8,98,66
35,100,70,7.8,98,66
22,120,85,7.8,98,88
13,90,65,7.8,101,80
23,120,90,7.8,98,60
17,90,65,7.8,103,67
28,115,60,7.8,101,86
50,120,80,7.8,98,70
19,90,70,7.8,98,80
30,120,80,7.8,98,70
31,120,60,6.1,98,76
23,120,70,7.8,98,70
29,130,70,7.8,98,78
17,85,69,7.8,102,86
32,120,90,7.8,98,70
42,120,80,7.8,98,70
23,90,60,7.8,98,76
19,120,80,7,98,70
15,76,49,7.8,98,77
20,120,75,7.8,98,70
48,120,80,11,98,88
15,120,80,7.8,98,70
25,120,80,7.8,98,66
22,100,65,7.8,98,80
12,120,95,7.8,98,60
35,100,70,7.8,98,60
19,120,85,7.8,98,60
60,90,65,6.8,98,77
55,120,90,6.8,98,66
25,120,80,6.8,98,66
22,100,65,6.8,98,88
12,120,95,6.8,98,60
35,100,70,6.8,98,60
19,120,90,6.8,98,60
60,90,65,6.8,98,77
55,120,90,6.8,98,78
50,130,80,16,102,76
27,120,90,6.8,102,68
60,140,90,12,98,77
55,100,70,6.8,101,80
60,140,80,16,98,66
12,120,90,6.8,98,80
17,140,100,6.8,103,80
60,120,80,6.8,98,77
22,100,65,6.8,98,88
36,140,100,6.8,102,76
22,90,60,6.8,98,77
25,120,100,6.8,98,60
35,100,60,15,98,80
40,140,100,13,101,66
27,120,70,6.8,98,77
36,140,100,6.8,102,76
22,90,60,6.8,98,77
25,120,100,6.8,98,60
35,100,60,15,98,80
40,140,100,13,101,66
27,120,70,6.8,98,77
27,120,70,6.8,98,77
65,130,80,15,98,86
35,140,80,13,98,70
29,90,70,10,98,80
30,120,80,6.8,98,70
35,120,60,6.1,98,76
23,140,90,6.8,98,70
23,130,70,6.8,98,78
35,85,60,11,102,86
32,120,90,6.8,98,70
43,130,80,18,98,70
23,99,60,6.8,98,76
19,120,80,7,98,70
15,76,49,6.8,98,77
30,120,75,6.8,98,70
48,120,80,11,98,88
15,120,80,6.8,98,70
48,140,90,15,98,90
25,140,100,6.8,98,80
29,100,70,6.8,98,80
32,120,80,6.8,98,70
35,120,60,6.1,98,76
23,140,90,6.8,98,70
23,130,70,6.8,98,78
34,85,60,11,102,86
32,120,90,6.8,98,70
42,130,80,18,98,70
23,90,60,6.8,98,76
19,120,80,7,98,70
15,76,49,6.8,98,77
20,120,75,6.8,98,70
48,120,80,11,98,88
15,120,80,6.8,98,70
50,140,90,15,98,90
25,140,100,6.8,98,80
30,120,80,6.8,101,76
31,110,90,6.8,100,70
42,140,100,18,98,90
18,120,80,6.8,102,76
32,140,100,7.9,98,78
17,90,60,7.9,101,76
19,120,80,7,98,70
15,76,49,7.9,98,77
19,120,75,7.9,98,70
48,120,80,11,98,88
15,120,80,7.9,98,70
25,120,80,7.9,98,66
22,100,65,7.9,98,80
50,140,95,17,98,60
35,100,70,7.9,98,60
19,120,85,7.9,98,60
60,90,65,7.9,98,77
38,135,60,7.9,101,86
50,120,80,7.9,98,70
39,90,70,9,98,80
30,140,100,15,98,70
31,120,60,6.1,98,76
23,120,90,7.9,98,70
29,130,70,7.9,98,78
17,85,60,7.9,102,86
32,120,90,7.9,98,70
42,120,80,7.9,98,70
23,90,60,7.9,98,76
19,120,80,7,98,70
15,76,49,7.9,98,77
16,120,75,7.9,98,7
48,120,80,11,98,88
15,120,80,7.9,98,70
63,140,90,15,98,90
25,140,100,7.9,98,80
30,120,80,7.9,101,76
17,70,50,7.9,98,70
55,140,100,18,98,90
18,120,80,7.9,102,76
32,140,100,7.9,98,78
17,90,60,7.5,101,76
17,90,63,7.5,101,70
25,120,90,7.5,101,80
17,120,80,7.5,102,76
19,90,65,7.5,101,70
15,80,60,7.5,98,80
60,90,65,7.5,98,77
18,85,60,7.5,101,86
50,120,80,7.5,98,70
19,90,70,7.5,98,80
30,140,100,15,98,70
31,120,60,6.1,98,76
23,120,90,7.5,98,70
29,130,70,7.5,98,78
17,85,60,7.5,102,86
32,120,90,7.5,98,70
42,120,80,7.5,98,70
42,90,60,7.5,98,76
19,120,80,7,98,70
15,78,49,7.5,98,77
23,120,75,8,98,70
48,120,80,11,98,88
15,120,80,7.5,98,70
49,140,90,15,98,90
25,140,100,7.5,98,80
30,120,80,7.5,101,76
16,70,50,7.5,100,70
16,100,70,7.5,98,80
19,120,75,7.5,98,66
40,160,100,19,98,77
32,140,90,18,98,88
22,100,65,7.5,98,70
49,120,90,7.5,98,77
28,90,60,7.5,98,82
12,90,60,7.5,102,66
20,100,90,7.5,98,88
23,100,85,7.5,98,66
22,120,90,7.5,98,82
21,120,80,7.5,98,77
35,140,100,7.5,98,66
54,140,100,15,98,66
40,120,95,11,98,80
21,75,50,7.5,98,60
12,90,60,7.5,102,60
60,120,85,15,98,60
55,140,95,19,98,77
50,130,100,16,98,75
60,120,80,7.5,98,75
55,100,65,7.5,98,66
45,120,95,7.5,98,66
35,100,70,7.5,98,66
22,120,85,7.5,98,88
13,90,65,7.5,101,80
23,120,90,7.5,98,60
17,90,65,7.5,103,67
28,115,60,7.5,101,86
59,120,80,7.5,98,70
29,120,70,9,98,80
23,120,80,7.5,98,70
31,120,60,6.1,98,76
23,120,80,7.5,98,70
29,130,70,7.5,98,78
17,85,60,7.5,102,86
32,120,90,7.5,98,70
42,120,80,7.5,98,70
23,90,60,7.5,98,76
19,120,80,7,98,70
15,78,49,7.5,98,77
20,120,75,7.5,98,70
48,120,80,11,98,88
15,120,80,7.5,98,70
24,120,80,7.5,98,66
16,100,70,7.5,98,80
19,120,76,7.5,98,66
40,160,100,19,98,77
32,140,90,18,98,88
22,100,65,7.5,98,70
49,120,90,7.5,98,77
28,90,60,7.5,98,82
12,90,60,7.5,102,66
20,100,90,7.5,98,88
23,100,85,7.5,98,66
22,120,90,7.5,98,82
21,120,80,7.5,98,77
35,140,100,7.5,98,66
54,140,100,15,98,66
40,120,95,11,98,80
21,75,50,7.5,98,60
22,90,60,7.5,102,60
40,120,85,15,98,60
55,140,95,19,98,77
50,130,100,16,98,75
60,120,80,7.5,98,75
40,120,85,15,98,60
55,140,95,19,98,77
50,130,100,16,98,75
41,120,80,7.5,98,75
55,100,65,7.5,98,66
45,120,95,7.5,98,66
35,100,70,7.5,98,66
22,120,85,7.5,98,88
13,90,65,7.5,101,80
23,120,90,7.5,98,60
17,90,65,7.5,103,67
27,135,60,7.5,101,86
50,120,80,15,98,70
34,110,70,7,98,80
32,120,80,7.5,98,70
31,120,60,6.1,98,76
23,120,90,7.5,98,70
29,130,70,7.5,98,78
17,85,60,7.5,101,86
32,120,90,7.5,98,70
42,120,80,7.5,98,70
23,90,60,7.5,98,76
19,120,80,7,98,70
15,76,49,7.5,98,77
20,120,76,7.5,98,70
48,120,80,11,98,88
15,120,80,7.5,98,70
24,120,80,7.5,98,66
22,100,65,12,98,80
50,140,95,17,98,60
35,100,70,11,98,60
19,120,85,9,98,60
30,90,65,8,98,77
28,85,60,9,101,86
50,130,80,15,98,86
35,140,90,13,98,70
29,90,70,11,100,80
19,120,60,7,98.4,70
46,140,100,12,99,90
28,95,60,10,101,86
50,120,80,7,98,70
39,110,70,7.9,98,80
25,140,100,15,98.6,70
31,120,60,6.1,98,76
23,120,85,8,98,70
29,130,70,8,98,78
17,90,60,9,102,86
32,120,90,7,100,70
42,120,90,9,98,70
23,90,60,6.7,98,76
19,120,80,7,98,70
15,76,68,7,98,77
34,120,75,8,98,70
48,120,80,11,98,88
15,120,80,6.6,99,70
27,140,90,15,98,90
25,140,100,12,99,80
36,120,90,7,98,82
30,120,80,9,101,76
15,70,50,6,98,70
40,120,95,7,98,70
15,90,60,6,98,80
21,90,50,6.9,98,60
15,90,49,6,98,77
21,90,50,6.5,98,60
15,90,49,6,98,77
15,90,49,6.7,99,77
15,90,49,6,99,77
10,100,50,6,99,70
15,100,49,6.8,99,77
15,100,49,6,99,77
12,100,50,6.4,98,70
15,100,60,6,98,80
35,140,90,13,98,70
29,90,70,8,100,80
30,140,85,7,98,70
23,140,80,7.01,98,70
35,85,60,11,102,86
42,130,80,18,98,70
50,140,90,15,98,90
25,140,100,7.01,98,80
40,140,100,18,98,90
32,140,100,6.9,98,78
14,90,65,7,101,70
37,120,90,11,98,88
17,110,75,12,101,76
40,120,90,12,98,80
40,160,100,19,98,77
20,120,76,7.5,98,70
15,120,80,7.5,98,70
24,120,80,7.5,98,66
19,120,60,7,98.4,70
31,120,60,6.1,98,76
23,120,85,8,98,70
23,90,60,6.7,98,76
19,120,80,7,98,70
15,76,68,7,98,77
34,120,75,8,98,70
15,120,80,6.6,99,70
15,90,60,6,98,80
21,90,50,6.9,98,60
15,100,49,7.6,98,77
12,100,50,6,98,70
21,100,50,6.8,98,60
23,130,70,7.01,98,78
32,120,90,6.9,98,70
19,120,80,7,98,70
20,120,75,7.01,100,70
48,120,80,11,98,88
30,120,80,6.9,101,76
18,120,80,6.9,102,76
17,90,60,6.9,101,76
17,90,63,6.9,101,70
25,120,90,6.7,101,80
17,120,80,6.7,102,76
13,90,65,7.9,101,80
31,120,60,6.1,98,76
29,130,70,6.1,98,78
19,120,80,7,98,70
28,85,60,9,101,86
50,140,80,6.7,98,70
29,90,70,6.7,98,80
31,120,60,6.1,98,76
29,130,70,6.7,98,78
17,85,60,9,102,86
19,120,80,7,98,70
20,110,60,7,100,70
19,120,80,7,98,70
20,120,75,7.01,100,70
48,120,80,11,98,88
30,120,80,6.9,101,76
18,120,80,6.9,102,76
17,90,60,6.9,101,76
17,90,63,6.9,101,70
25,120,90,6.7,101,80
17,120,80,6.7,102,76
13,90,65,7.9,101,80
31,120,60,6.1,98,76
29,130,70,6.1,98,78
19,120,80,7,98,70
28,85,60,9,101,86
50,140,80,6.7,98,70
29,90,70,6.7,98,80
31,120,60,6.1,98,76
29,130,70,6.7,98,78
17,85,60,9,102,86
19,120,80,7,98,70
20,110,60,7,100,70
32,120,65,6,101,76
26,85,60,6,101,86
29,130,70,7.7,98,78
19,120,80,7,98,70
54,130,70,12,98,67
44,120,90,16,98,80
23,130,70,6.9,98,70
22,85,60,6.9,98,76
55,120,90,12,98,70
35,120,80,6.9,98,78
21,90,60,6.9,98,86
16,90,65,6.9,98,76
33,115,65,7,98,70
12,95,60,6.9,98,65
28,120,90,6.9,98,70
21,90,65,6.9,98,76
18,90,60,6.9,98,70
21,120,80,6.9,98,76
16,100,70,6.9,98,80
19,120,75,6.9,98,66
23,100,85,6.9,98,66
22,120,90,7.8,98,82
60,120,85,15,98,60
13,90,65,7.8,101,80
23,120,90,7.8,98,60
28,115,60,7.8,101,86
50,120,80,7.8,98,70
29,130,70,7.8,98,78
19,120,80,7,98,70
19,120,85,7.8,98,60
60,90,65,6.8,98,77
55,120,90,6.8,98,66
25,120,80,6.8,98,66
12,120,95,6.8,98,60
35,100,70,6.8,98,60
19,120,90,6.8,98,60
60,90,65,6.8,98,77
50,130,80,16,102,76
27,120,90,6.8,102,68
55,100,70,6.8,101,80
12,120,90,6.8,98,80
60,120,80,6.8,98,77
25,120,100,6.8,98,60
22,90,60,6.8,98,77
30,120,80,6.8,98,70
35,120,60,6.1,98,76
23,130,70,6.8,98,78
43,130,80,18,98,70
19,120,80,7,98,70
30,120,75,6.8,98,70
32,120,80,6.8,98,70
23,130,70,6.8,98,78
42,130,80,18,98,70
19,120,80,7,98,70
31,110,90,6.8,100,70
19,120,80,7,98,70
25,120,80,7.9,98,66
31,120,60,6.1,98,76
23,120,90,7.9,98,70
29,130,70,7.9,98,78
48,120,80,11,98,88
18,120,80,7.9,102,76
18,85,60,7.5,101,86
29,130,70,7.5,98,78
23,120,75,8,98,70
15,120,80,7.5,98,70
30,120,80,7.5,101,76
40,120,95,11,98,80
60,120,85,15,98,60
50,130,100,16,98,75
28,115,60,7.5,101,86
31,120,60,6.1,98,76
23,120,80,7.5,98,70
29,130,70,7.5,98,78
22,100,65,7.5,98,70
49,120,90,7.5,98,77
28,90,60,7.5,98,82
12,90,60,7.5,102,66
20,100,90,7.5,98,88
23,100,85,7.5,98,66
22,120,90,7.5,98,82
21,120,80,7.5,98,77
60,120,80,7.5,98,75
50,130,100,16,98,75
17,90,65,7.5,103,67
29,130,70,7.5,98,78
19,120,80,7,98,70
19,120,85,9,98,60
30,90,65,8,98,77
28,85,60,9,101,86
50,120,80,7,98,70
39,110,70,7.9,98,80
29,130,70,8,98,78
17,90,60,9,102,86
32,120,90,7,100,70
42,120,90,9,98,70
36,120,90,7,98,82
30,120,80,9,101,76
15,70,50,6,98,70
10,100,50,6,99,70
12,100,50,6.4,98,70
12,100,50,6,98,70
23,130,70,7.01,98,78
32,120,90,6.9,98,70
19,120,80,7,98,70
20,120,75,7.01,100,70
48,120,80,11,98,88
30,120,80,6.9,101,76
18,120,80,6.9,102,76
17,90,60,6.9,101,76
17,90,63,6.9,101,70
25,120,90,6.7,101,80
17,120,80,6.7,102,76
13,90,65,7.9,101,80
31,120,60,6.1,98,76
29,130,70,6.1,98,78
19,120,80,7,98,70
28,85,60,9,101,86
50,140,80,6.7,98,70
29,90,70,6.7,98,80
31,120,60,6.1,98,76
29,130,70,6.7,98,78
17,85,60,9,102,86
19,120,80,7,98,70
20,110,60,7,100,70
32,120,65,6,101,76
27,120,70,6.8,98,77
27,120,70,6.8,98,77
32,120,90,6.8,98,70
23,99,60,6.8,98,76
15,76,49,6.8,98,77
15,120,80,6.8,98,70
29,100,70,6.8,98,80
35,120,60,6.1,98,76
32,120,90,6.8,98,70
23,90,60,6.8,98,76
15,76,49,6.8,98,77
20,120,75,6.8,98,70
48,120,80,11,98,88
15,120,80,6.8,98,70
30,120,80,6.8,101,76
18,120,80,6.8,102,76
17,90,60,7.9,101,76
15,76,49,7.9,98,77
19,120,75,7.9,98,70
48,120,80,11,98,88
15,120,80,7.9,98,70
22,100,65,7.9,98,80
35,100,70,7.9,98,60
19,120,85,7.9,98,60
60,90,65,7.9,98,77
50,120,80,7.9,98,70
17,85,60,7.9,102,86
32,120,90,7.9,98,70
42,120,80,7.9,98,70
23,90,60,7.9,98,76
19,120,80,7,98,70
15,76,49,7.9,98,77
16,120,75,7.9,98,7
15,120,80,7.9,98,70
17,70,50,7.9,98,70
17,90,60,7.5,101,76
17,90,63,7.5,101,70
25,120,90,7.5,101,80
17,120,80,7.5,102,76
19,90,65,7.5,101,70
15,80,60,7.5,98,80
60,90,65,7.5,98,77
50,120,80,7.5,98,70
19,90,70,7.5,98,80
31,120,60,6.1,98,76
23,120,90,7.5,98,70
17,85,60,7.5,102,86
32,120,90,7.5,98,70
42,120,80,7.5,98,70
42,90,60,7.5,98,76
19,120,80,7,98,70
15,78,49,7.5,98,77
16,70,50,7.5,100,70
16,100,70,7.5,98,80
19,120,75,7.5,98,66
22,100,65,7.5,98,70
49,120,90,7.5,98,77
28,90,60,7.5,98,82
12,90,60,7.5,102,66
20,100,90,7.5,98,88
23,100,85,7.5,98,66
22,120,90,7.5,98,82
21,120,80,7.5,98,77
21,75,50,7.5,98,60
12,90,60,7.5,102,60
60,120,80,7.5,98,75
55,100,65,7.5,98,66
45,120,95,7.5,98,66
35,100,70,7.5,98,66
22,120,85,7.5,98,88
13,90,65,7.5,101,80
23,120,90,7.5,98,60
17,90,65,7.5,103,67
59,120,80,7.5,98,70
23,120,80,7.5,98,70
17,85,60,7.5,102,86
32,120,90,7.5,98,70
42,120,80,7.5,98,70
25,140,100,7.01,98,80
40,140,100,18,98,90
32,140,100,6.9,98,78
14,90,65,7,101,70
37,120,90,11,98,88
17,110,75,12,101,76
40,120,90,12,98,80
40,160,100,19,98,77
32,140,90,18,98,88
12,90,60,7.9,102,66
35,140,100,8,98,66
54,140,100,15,98,66
40,120,95,11,98,80
60,120,85,15,98,60
55,140,95,19,98,77
50,130,100,16,98,75
17,90,65,6.1,103,67
28,83,60,8,101,86
50,120,80,15,98,70
17,85,60,9,102,86
33,120,75,10,98,70
48,120,80,11,98,88
50,140,95,17,98,60
30,140,100,15,98,70
29,120,75,7.2,100,70
48,120,80,11,98,88
50,140,90,15,98,77
25,140,100,7.2,98,80
55,140,80,7.2,101,76
40,140,100,18,98,77
28,120,80,9,102,76
32,140,100,8,98,70
17,90,60,11,101,78
17,90,63,8,101,70
25,120,90,12,101,80
17,120,80,7,102,76
19,90,65,11,101,70
37,120,90,11,98,88
17,110,75,13,101,76
25,120,90,15,98,80
40,160,100,19,98,77
32,140,90,18,98,88
12,90,60,8,102,66
35,140,100,9,98,66
54,140,100,15,98,66
40,120,95,11,98,80
12,90,60,11,102,60
60,120,85,15,98,60
55,140,95,19,98,77
50,130,100,16,98,76
13,90,65,9,101,80
17,90,65,7.7,103,67
17,85,60,6.3,102,86
40,120,75,7.7,98,70
48,120,80,11,98,88
22,120,60,15,98,80
55,120,90,18,98,60
35,85,60,19,98,86
43,120,90,18,98,70
32,120,65,6,101,76
